1237056
1888773
5540557
6658569
7196908
8455614
9946486
10320926
13481822
13798085
13894294
13956695
14519119
16620206
19572097
20378456
25362038
30167140
31066271
35497981
35563743
37920020
46023997
47613549
47686045
48175436
48288108
49976137
50424054
51560421
52953643
54572373
60257593
60514431
61670404
63913429
70758980
71936847
77567650
79235249
80318448
80699977
84339443
85841996
85963634
86227878
89480733
91175598
93285400
97312281
98341260
99998005
100890559
104401502
106991723
107686765
108725939
109813649
111013922
112884062
116749720
121070145
122074067
126553384
126973057
134053166
134286244
134874134
135323608
135609949
137200504
138822329
139322432
142680965
146773603
150044551
152600338
153507682
157134534
165045676
169935554
170137960
171431960
172926402
173069049
173844784
175923199
177365648
181546421
184534039
184828608
185004820
185562989
185656452
188739652
189118031
189739735
192240804
192352681
196728579
203830313
204476669
207438556
208138936
210460134
213247199
213364470
214721671
217331157
218740017
222238740
227909726
229395717
229779972
230105007
239808164
240319700
241718387
241830950
241928028
242874661
248176994
250160391
250713852
252757567
253509279
254494167
254644142
257363627
261599230
261879805
264086474
265181836
267312883
270306610
280320176
282274784
283076346
283751365
285089318
287675921
288006092
292407916
292531473
292616681
296849830
301787212
302346838
302888058
303162167
303367684
305046277
308645347
310411832
312344256
314142170
315561281
322189299
322561179
323649682
327390444
327832117
328677007
331628266
334157801
337042837
338186986
338650082
339126931
343295086
344429794
351951417
352298946
353031795
355542482
359007831
359668268
365396582
367375525
368853782
372666944
373119578
373807474
375370242
379718989
380576416
382816571
383830430
392097077
392983258
393161225
396826042
397255648
398127869
401882424
403202001
403565611
408636587
409443078
409845780
413229404
414412203
415771563
416906855
418772086
421510124
423387865
423397880
425825126
427615017
430200835
430474341
431668121
431726042
433611727
433806915
435838570
438687258
440137440
441871619
449168890
450011483
451749664
453396042
453644380
455057012
460246066
460741423
461440324
463441428
464741225
465710758
466089831
470235563
471615912
476900212
477983356
479142414
482399215
484894731
487011932
489733165
490133285
494550289
495114815
495799705
498393798
499501185
499819455
500476106
502823126
502841334
505723347
508205589
511740728
513741347
516552955
517025829
519201255
521125501
521956106
522309709
522450178
527412311
528833895
530520536
533166607
535747010
536405629
538926737
545490445
546755566
546885092
552859225
553378775
555667995
556409369
557920543
558466182
559259044
565398451
567233211
567952778
570773362
571890347
573008888
575175979
575586314
578149796
582541635
584666802
586516432
586862970
590681647
591494036
595425481
596862451
596906658
598021204
598318014
598759535
599715774
606020099
610473700
613340460
615754492
615830203
617557696
618841793
621447919
627161063
630390558
630977642
631377277
631864209
633442253
633849622
635493848
638697376
639055721
641259677
644885649
645455814
645603007
646873225
647599281
649445447
650661265
650868152
659377521
660724351
663956063
664419550
666423393
667127809
671320920
672222925
672843119
674563913
676914154
678177883
678368571
679791755
681257737
695879801
702047241
703009737
706491600
706805378
708375030
709285745
713302725
714571856
716589086
719532411
720354820
720384854
723932355
731208580
731871739
734431584
734667123
737448235
738494792
740858574
749373295
752866965
753735740
756081881
758849192
761638105
762502768
762664732
763043461
764525230
769067552
770005691
770018162
771165669
771423053
771814730
772302592
777690932
779777849
780024820
780045410
781746874
791700346
792085183
792904106
793119747
793992625
799139695
800693591
801171619
806698226
809885422
818201660
822050871
822525398
823484840
825691901
827025309
827047809
828995940
829646258
831867911
835687795
839065171
839179152
840111606
841734891
843203491
844138719
847594167
851348701
854451669
855553144
857212482
861054736
861769140
862716663
863099825
865999345
867089813
867578740
867844696
868034850
871481689
875675454
876653076
878413362
880470948
881877917
882105631
884792729
890127014
891201695
898264340
900187177
905481850
906259770
906732234
906877034
907344746
909320628
914316224
918972681
924794258
926146535
930107450
932753585
932819215
934065660
935289021
937044035
944428147
946461794
952421475
956086440
957312338
959734093
962219270
964753617
966918031
967219829
971392759
972018918
973124146
975917909
977076746
987650919
991622870
995419472
995473889
996190821
996418376
997407596
998493081
998681143
1000717115
1003048905
1004657883
1007687841
1018734315
1019124216
1024484366
1026343592
1027033968
1028403514
1033193930
1039027239
1040401211
1041671556
1042973733
1043132298
1047573301
1047742382
1051363280
1052933621
1054025297
1063154437
1063225467
1065131108
1068869168
1071669082
1074273449
1074417516
1075022723
1084095061
1091744676
1097529098
1102223756
1102956625
1104342514
1105730679
1107509910
1108650133
1116770168
1117222952
1118086359
1118829204
1120938792
1120950068
1125299383
1126077125
1129250506
1130035240
1132843054
1135992056
1136525022
1139173605
1143785140
1143796704
1145271940
1147673304
1149194500
1152799535
1152984536
1157335203
1157892394
1158669898
1162233658
1162240424
1165379745
1171235071
1171361711
1175745297
1176917343
1177563403
1184569972
1186686722
1187641010
1192485728
1196355130
1196601702
1197856490
1204775570
1204810974
1206915786
1207348934
1207887859
1208089867
1210206201
1210982062
1214458835
1217727580
1222088567
1222577325
1222784685
1223378112
1224890436
1232407277
1232485215
1233025080
1234814601
1235381470
1239359810
1239481763
1239787985
1240057398
1241972591
1242628952
1243623152
1243742937
1245243281
1251542527
1253497597
1260711512
1264334657
1264738716
1266667913
1268814189
1270981133
1275236189
1281428252
1282189300
1282267395
1282873987
1283440132
1287634825
1289513012
1291749934
1293902010
1296119301
1297731854
1299763326
1301924087
1306931475
1308104756
1310248673
1310733759
1313153390
1317254579
1318647701
1319779320
1320552125
1321193895
1321517233
1323921995
1324274927
1324634099
1325087604
1339720977
1339853620
1341754474
1342806074
1343682030
1345702356
1346858242
1347638907
1348197657
1349755953
1358424716
1359659432
1360640583
1360990878
1361139087
1362024845
1363104881
1363617556
1366123148
1369802347
1370199759
1372258118
1377459597
1378448134
1382757083
1383711924
1384680168
1388706300
1389426416
1391750203
1396242858
1397985181
1400196116
1401425723
1403856750
1404510327
1408846709
1410217951
1411794991
1411905419
1420695250
1421095299
1421748184
1425791730
1427670864
1427754907
1434973820
1436447377
1443247958
1443825425
1443980386
1447069491
1451589288
1455736134
1457099487
1458583134
1458803772
1459119140
1459411390
1464411937
1464595726
1471591819
1472053557
1473054907
1474472945
1474938681
1476005312
1476708313
1478266341
1481631824
1483700116
1484102650
1484275370
1485468445
1486847669
1487384713
1490088164
1491614334
1496899635
1497410878
1503202066
1504154161
1515514937
1519998630
1523997079
1524028107
1525647416
1529013184
1531776576
1532350492
1534678472
1536440048
1536832869
1537624891
1540910155
1541180055
1542601881
1546376658
1552735443
1553840737
1558686132
1562342513
1565070536
1567473027
1568395495
1574378730
1576106592
1577321985
1577796719
1581738928
1584477582
1584639302
1585585366
1589346046
1591940761
1592355078
1595009693
1597558716
1601507763
1602343066
1604013260
1606153896
1607172664
1607512445
1610268748
1610483849
1615129643
1617499704
1619567263
1620924299
1622432874
1623129801
1625833389
1631233459
1636181201
1636200683
1642671971
1643169743
1644358298
1647969664
1649230149
1651014525
1654338781
1655041743
1655903851
1661852188
1662980912
1663313799
1672471427
1673241224
1673390221
1674445072
1678133853
1682211944
1684258692
1691281793
1692429676
1693829479
1694798926
1697308474
1697452884
1697771910
1698684363
1700490921
1703507262
1710238058
1710311665
1712774295
1713741286
1715228544
1718929572
1720036670
1721621776
1724666255
1725379954
1728031325
1730466164
1731320424
1733093758
1734097835
1736743108
1737338032
1738961629
1745015415
1747063294
1747984567
1749313080
1749549405
1752522717
1756172359
1758481640
1764517149
1765016864
1768456112
1768482605
1769128931
1769337912
1770175378
1770676046
1777026172
1778087712
1780239074
1783281191
1785764301
1787299893
1789527402
1791004720
1793498071
1794650549
1794884931
1795037081
1798672788
1799962344
1802245075
1802677612
1804289383
1808025483
1815975507
1816049119
1816565913
1816611523
1818270858
1819759405
1820603678
1824642526
1825672435
1827589213
1827782413
1827853573
1828874094
1830668032
1833692977
1845825152
1847301445
1851897753
1854180252
1856931156
1856956396
1860376653
1864460763
1867224283
1867563461
1868492098
1870075769
1870788253
1873788161
1876047575
1876967240
1878691457
1880031202
1880041063
1880081402
1881278269
1884669847
1886375617
1888467004
1889933451
1891699622
1893172185
1893964397
1897823104
1899272650
1901738679
1902367474
1909275450
1913755124
1914703160
1914896123
1917261034
1923888831
1924349448
1927020172
1940746255
1940864257
1942728447
1944391653
1947000639
1948626387
1951751715
1953756707
1954031868
1954524298
1956333069
1957277104
1959995358
1961608598
1964742258
1967013659
1967173169
1970841043
1972787419
1973769475
1978052585
1982512836
1984229847
1984987022
1985842551
1986142877
1987929417
1988128052
1989018132
1989610595
1995724016
1997371443
2000145973
2002277103
2003484635
2003774167
2007137442
2010631589
2010884057
2013639868
2013765558
2015523505
2015610483
2016965873
2018837954
2023382784
2025607168
2026509622
2027648655
2028392861
2030160972
2032682130
2035261147
2037817698
2038213734
2039627924
2043577989
2044944726
2047714739
2049243874
2052222185
2054888039
2056258703
2056716152
2059329992
2060379238
2061763635
2064788254
2065983385
2068000939
2074839189
2077996403
2078664007
2082622946
2082982777
2088166932
2090400871
2091408176
2091609035
2091665496
2092591324
2094935587
2102260954
2103071006
2104384577
2104445592
2106663319
2114404079
2115983634
2116608435
2120207766
2120809839
2123604615
2126418810
2131603080
2136348551
2137048510
2137910940
2138171923
2138648495
2140630247
2142808471
2143844256
2146356619
2147159487
